{
  "reference_obj": "instance_18_coffee_table_0",
  "final_pose_relative_to_reference_obj": {
    "instance_0_white_pillow_0": [
      [
        -0.32677018642425537,
        0.9443269371986389,
        -0.03831296041607857,
        2.446708917617798
      ],
      [
        -0.9450931549072266,
        -0.32669004797935486,
        0.008511587977409363,
        -0.8834047913551331
      ],
      [
        -0.004478740971535444,
        0.038990650326013565,
        0.9992295503616333,
        0.5930972099304199
      ],
      [
        0.0,
        0.0,
        0.0,
        1.0
      ]
    ],
    "instance_10_wall_art_1": [
      [
        -0.8673050403594971,
        0.2868632972240448,
        0.40680626034736633,
        -0.46189960837364197
      ],
      [
        -0.35069188475608826,
        -0.9321197271347046,
        -0.09037704765796661,
        -1.5129207372665405
      ],
      [
        0.35326623916625977,
        -0.22104813158512115,
        0.9090328216552734,
        1.3646247386932373
      ],
      [
        0.0,
        0.0,
        0.0,
        1.0
      ]
    ],
    "instance_11_plant_0": [
      [
        -0.9515829086303711,
        -0.27142637968063354,
        0.1442827731370926,
        0.014393560588359833
      ],
      [
        0.26965799927711487,
        -0.9624224901199341,
        -0.03205421566963196,
        0.3157394826412201
      ],
      [
        0.14756134152412415,
        0.008404763415455818,
        0.9890171885490417,
        0.48991212248802185
      ],
      [
        0.0,
        0.0,
        0.0,
        1.0
      ]
    ],
    "instance_12_chandelier_0": [
      [
        -0.8136505484580994,
        -0.3492733836174011,
        0.46473729610443115,
        1.234144687652588
      ],
      [
        0.3419721722602844,
        -0.9340208172798157,
        -0.10324712842702866,
        0.18935784697532654
      ],
      [
        0.4701358377933502,
        0.07492014765739441,
        0.8794084191322327,
        2.40539813041687
      ],
      [
        0.0,
        0.0,
        0.0,
        1.0
      ]
    ],
    "instance_13_wall_art_2": [
      [
        -0.21687452495098114,
        0.9226099848747253,
        0.3189922273159027,
        3.417466163635254
      ],
      [
        -0.9761995077133179,
        -0.20496894419193268,
        -0.07086803019046783,
        0.37817180156707764
      ],
      [
        -5.186270257695469e-08,
        -0.32676950097084045,
        0.9451040029525757,
        1.7224565744400024
      ],
      [
        0.0,
        0.0,
        0.0,
        1.0
      ]
    ],
    "instance_14_tv_stand_0": [
      [
        0.8938727974891663,
        0.44157907366752625,
        -0.07745542377233505,
        0.2963918149471283
      ],
      [
        -0.4416451156139374,
        0.8970248103141785,
        0.01720776967704296,
        2.1257779598236084
      ],
      [
        0.07707802951335907,
        0.018826253712177277,
        0.9968473315238953,
        -0.0306886937469244
      ],
      [
        0.0,
        0.0,
        0.0,
        1.0
      ]
    ],
    "instance_15_wall_art_3": [
      [
        -0.21687452495098114,
        0.9226099848747253,
        0.3189922273159027,
        3.1097614765167236
      ],
      [
        -0.9761995077133179,
        -0.20496894419193268,
        -0.07086803019046783,
        -0.915781557559967
      ],
      [
        -5.551463644337673e-08,
        -0.32676950097084045,
        0.9451040029525757,
        1.8638916015625
      ],
      [
        0.0,
        0.0,
        0.0,
        1.0
      ]
    ],
    "instance_16_wall_art_4": [
      [
        -0.21687452495098114,
        0.9226099848747253,
        0.3189922273159027,
        2.9807076454162598
      ],
      [
        -0.9761995077133179,
        -0.20496894419193268,
        -0.07086803019046783,
        -1.3889484405517578
      ],
      [
        -5.551463644337673e-08,
        -0.32676950097084045,
        0.9451040029525757,
        1.8651123046875
      ],
      [
        0.0,
        0.0,
        0.0,
        1.0
      ]
    ],
    "instance_17_tv_0": [
      [
        0.738928496837616,
        0.6692929863929749,
        0.07766237109899521,
        0.255263090133667
      ],
      [
        -0.6702238917350769,
        0.7419583201408386,
        -0.017253614962100983,
        2.1465156078338623
      ],
      [
        -0.06916996091604233,
        -0.03930198401212692,
        0.996830403804779,
        0.7456567883491516
      ],
      [
        0.0,
        0.0,
        0.0,
        1.0
      ]
    ],
    "instance_19_wall_art_5": [
      [
        -0.21687452495098114,
        0.9226099848747253,
        0.3189922273159027,
        3.213754415512085
      ],
      [
        -0.9761995077133179,
        -0.20496894419193268,
        -0.07086803019046783,
        -0.4251602292060852
      ],
      [
        -5.429732397033149e-08,
        -0.32676950097084045,
        0.9451040029525757,
        1.8613417148590088
      ],
      [
        0.0,
        0.0,
        0.0,
        1.0
      ]
    ],
    "instance_1_white_pillow_1": [
      [
        -0.26875177025794983,
        0.8974360227584839,
        -0.34982994198799133,
        2.764425277709961
      ],
      [
        -0.9629904627799988,
        -0.2580874264240265,
        0.0777188390493393,
        0.04921281337738037
      ],
      [
        -0.020539037883281708,
        0.35776999592781067,
        0.9335837960243225,
        0.6590965390205383
      ],
      [
        0.0,
        0.0,
        0.0,
        1.0
      ]
    ],
    "instance_20_cup_0": [
      [
        0.9999999403953552,
        1.1920931797249068e-07,
        -4.02814350763947e-07,
        2.4349770545959473
      ],
      [
        -1.1920928244535389e-07,
        0.9999999403953552,
        9.862318961495475e-08,
        -2.033322334289551
      ],
      [
        4.02814350763947e-07,
        -9.862313987696325e-08,
        0.9999999403953552,
        0.7879794836044312
      ],
      [
        0.0,
        0.0,
        0.0,
        1.0
      ]
    ],
    "instance_21_armchairs_0": [
      [
        -0.9997824430465698,
        -0.0016216736985370517,
        0.02079210802912712,
        -0.3701665997505188
      ],
      [
        0.001525937463156879,
        -0.9999880790710449,
        -0.004619489889591932,
        -0.9756326079368591
      ],
      [
        0.02079935371875763,
        -0.004586757626384497,
        0.9997730851173401,
        0.04534746706485748
      ],
      [
        0.0,
        0.0,
        0.0,
        1.0
      ]
    ],
    "instance_22_cup_1": [
      [
        0.740272581577301,
        -0.43302619457244873,
        0.5142806768417358,
        2.6954867839813232
      ],
      [
        0.5595528483390808,
        0.8208815455436707,
        -0.11425363272428513,
        -1.9515594244003296
      ],
      [
        -0.37268877029418945,
        0.37234610319137573,
        0.8499772548675537,
        0.7535240054130554
      ],
      [
        0.0,
        0.0,
        0.0,
        1.0
      ]
    ],
    "instance_23_bedside_table_0": [
      [
        -0.055084049701690674,
        0.9924015402793884,
        0.11002107709646225,
        2.471935749053955
      ],
      [
        -0.9983111023902893,
        -0.05270226672291756,
        -0.02444252371788025,
        -1.8834559917449951
      ],
      [
        -0.018458442762494087,
        -0.11118164658546448,
        0.9936286211013794,
        0.40052399039268494
      ],
      [
        0.0,
        0.0,
        0.0,
        1.0
      ]
    ],
    "instance_24_rug_0": [
      [
        0.9999998211860657,
        2.384186643666908e-07,
        -3.65809285085561e-07,
        -0.06709715723991394
      ],
      [
        -2.3841853646899835e-07,
        0.9999999403953552,
        3.1199084560284973e-07,
        -0.502947211265564
      ],
      [
        3.6580934192897985e-07,
        -3.1199076033772144e-07,
        0.9999999403953552,
        -0.42247602343559265
      ],
      [
        0.0,
        0.0,
        0.0,
        1.0
      ]
    ],
    "instance_2_grey_pillow_0": [
      [
        0.2003614753484726,
        -0.8336150646209717,
        0.5147242546081543,
        2.8895039558410645
      ],
      [
        0.9796661138534546,
        0.16485723853111267,
        -0.11435217410326004,
        0.001643538475036621
      ],
      [
        0.010469664819538593,
        0.5271697044372559,
        0.8496954441070557,
        0.6930316090583801
      ],
      [
        0.0,
        0.0,
        0.0,
        1.0
      ]
    ],
    "instance_3_grey_pillow_1": [
      [
        0.2003614753484726,
        -0.8336150646209717,
        0.5147242546081543,
        2.604846239089966
      ],
      [
        0.9796661138534546,
        0.16485723853111267,
        -0.11435217410326004,
        -0.9295512437820435
      ],
      [
        0.010469664819538593,
        0.5271697044372559,
        0.8496954441070557,
        0.6904332041740417
      ],
      [
        0.0,
        0.0,
        0.0,
        1.0
      ]
    ],
    "instance_4_lamp_0": [
      [
        0.8822180032730103,
        -0.45267942547798157,
        0.12950924038887024,
        2.7175204753875732
      ],
      [
        0.4596753418445587,
        0.8876208066940308,
        -0.028771977871656418,
        -1.8786380290985107
      ],
      [
        -0.10193060338497162,
        0.08491536229848862,
        0.9911606907844543,
        1.0251498222351074
      ],
      [
        0.0,
        0.0,
        0.0,
        1.0
      ]
    ],
    "instance_5_books_0": [
      [
        -0.9997824430465698,
        -0.0016221485566347837,
        0.020792100578546524,
        -0.27165889739990234
      ],
      [
        0.0015264141838997602,
        -0.9999880790710449,
        -0.0046194083988666534,
        -0.0639992356300354
      ],
      [
        0.020799346268177032,
        -0.004586665891110897,
        0.9997731447219849,
        0.31761136651039124
      ],
      [
        0.0,
        0.0,
        0.0,
        1.0
      ]
    ],
    "instance_7_bed_0": [
      [
        -0.055084049701690674,
        0.9924015402793884,
        0.11002107709646225,
        2.024594783782959
      ],
      [
        -0.9983111023902893,
        -0.05270226299762726,
        -0.024442557245492935,
        -0.26751160621643066
      ],
      [
        -0.018458476290106773,
        -0.11118164658546448,
        0.9936286211013794,
        0.3992343842983246
      ],
      [
        0.0,
        0.0,
        0.0,
        1.0
      ]
    ],
    "instance_8_wardrobe_0": [
      [
        0.8248071670532227,
        0.5049040913581848,
        0.2544895112514496,
        2.9105546474456787
      ],
      [
        -0.5085113048553467,
        0.8591970801353455,
        -0.05653794854879379,
        1.4820926189422607
      ],
      [
        -0.24720287322998047,
        -0.08277789503335953,
        0.9654214382171631,
        0.9681165218353271
      ],
      [
        0.0,
        0.0,
        0.0,
        1.0
      ]
    ],
    "instance_9_wall_art_0": [
      [
        -0.21687452495098114,
        0.9226099848747253,
        0.3189922273159027,
        2.833314895629883
      ],
      [
        -0.9761995077133179,
        -0.20496894419193268,
        -0.07086803019046783,
        -1.8707982301712036
      ],
      [
        -5.308001504999993e-08,
        -0.32676950097084045,
        0.9451040029525757,
        1.8578373193740845
      ],
      [
        0.0,
        0.0,
        0.0,
        1.0
      ]
    ]
  }
}