{
    "reference_obj": "instance_26_ground_0",
    "final_pose_relative_to_reference_obj": {
        "instance_26_ground_0": [
            [
                1.0,
                0.0,
                0.0,
                0.0
            ],
            [
                0.0,
                1.0,
                0.0,
                0.0
            ],
            [
                0.0,
                0.0,
                1.0,
                0.0
            ],
            [
                0.0,
                0.0,
                0.0,
                1.0
            ]
        ],
        "instance_0_dining_chairs_0": [
            [
                0.4171258807182312,
                -0.9088487029075623,
                0.0,
                -1.4299399852752686
            ],
            [
                0.9088487029075623,
                0.4171258807182312,
                0.0,
                1.1292717456817627
            ],
            [
                0.0,
                0.0,
                1.0,
                0.43483856320381165
            ],
            [
                0.0,
                0.0,
                0.0,
                1.0
            ]
        ],
        "instance_10_floor_rug_0": [
            [
                0.05868275836110115,
                0.9982767105102539,
                0.0,
                -0.005044476129114628
            ],
            [
                -0.9982767105102539,
                0.05868275836110115,
                0.0,
                0.5942980647087097
            ],
            [
                0.0,
                0.0,
                1.0,
                0.013278260827064514
            ],
            [
                0.0,
                0.0,
                0.0,
                1.0
            ]
        ],
        "instance_11_red_fruit_1": [
            [
                -0.999802827835083,
                0.019855942577123642,
                -1.6628987964395492e-08,
                -0.0746973305940628
            ],
            [
                -0.019366448745131493,
                -0.975155234336853,
                0.22067435085773468,
                0.7606956362724304
            ],
            [
                0.004381681326776743,
                0.22063085436820984,
                0.9753475189208984,
                0.8498708009719849
            ],
            [
                0.0,
                0.0,
                0.0,
                1.0
            ]
        ],
        "instance_12_chandelier_0": [
            [
                1.0,
                0.0,
                0.0,
                0.025376999750733376
            ],
            [
                0.0,
                1.0,
                0.0,
                0.6288952827453613
            ],
            [
                0.0,
                0.0,
                1.0,
                3.662734031677246
            ],
            [
                0.0,
                0.0,
                0.0,
                1.0
            ]
        ],
        "instance_13_wall_art_0": [
            [
                -4.371138828673793e-08,
                -1.0,
                0.0,
                -2.5098986625671387
            ],
            [
                1.0,
                -4.371138828673793e-08,
                0.0,
                -0.5734330415725708
            ],
            [
                0.0,
                0.0,
                1.0,
                2.1306705474853516
            ],
            [
                0.0,
                0.0,
                0.0,
                1.0
            ]
        ],
        "instance_14_dining_table_0": [
            [
                0.9943239092826843,
                0.10639528185129166,
                0.0,
                -0.043578051030635834
            ],
            [
                -0.10639528185129166,
                0.9943239092826843,
                0.0,
                0.49298596382141113
            ],
            [
                0.0,
                0.0,
                1.0,
                0.315433531999588
            ],
            [
                0.0,
                0.0,
                0.0,
                1.0
            ]
        ],
        "instance_16_wall_art_1": [
            [
                1.0,
                0.0,
                0.0,
                0.7394769787788391
            ],
            [
                0.0,
                1.0,
                0.0,
                2.2652833461761475
            ],
            [
                0.0,
                0.0,
                1.0,
                2.56860089302063
            ],
            [
                0.0,
                0.0,
                0.0,
                1.0
            ]
        ],
        "instance_17_pot_plant_0": [
            [
                -0.7291220426559448,
                0.6843836903572083,
                0.0,
                1.9955686330795288
            ],
            [
                -0.6843836903572083,
                -0.7291220426559448,
                0.0,
                0.3431340456008911
            ],
            [
                0.0,
                0.0,
                1.0,
                0.7337477207183838
            ],
            [
                0.0,
                0.0,
                0.0,
                1.0
            ]
        ],
        "instance_18_wall_art_2": [
            [
                -4.371138828673793e-08,
                1.0,
                0.0,
                2.4154648780822754
            ],
            [
                -1.0,
                -4.371138828673793e-08,
                0.0,
                0.5059139132499695
            ],
            [
                0.0,
                0.0,
                1.0,
                2.1536617279052734
            ],
            [
                0.0,
                0.0,
                0.0,
                1.0
            ]
        ],
        "instance_19_wall_art_3": [
            [
                1.0,
                0.0,
                0.0,
                -0.7151185870170593
            ],
            [
                0.0,
                1.0,
                0.0,
                2.24019455909729
            ],
            [
                0.0,
                0.0,
                1.0,
                2.5672197341918945
            ],
            [
                0.0,
                0.0,
                0.0,
                1.0
            ]
        ],
        "instance_1_dining_chairs_1": [
            [
                0.9839182496070862,
                -0.17861922085285187,
                0.0,
                -0.23155814409255981
            ],
            [
                0.17861922085285187,
                0.9839182496070862,
                0.0,
                1.5284682512283325
            ],
            [
                0.0,
                0.0,
                1.0,
                0.43483859300613403
            ],
            [
                0.0,
                0.0,
                0.0,
                1.0
            ]
        ],
        "instance_22_wall_art_4": [
            [
                -4.371138828673793e-08,
                1.0,
                0.0,
                2.4154648780822754
            ],
            [
                -1.0,
                -4.371138828673793e-08,
                0.0,
                -0.1978175789117813
            ],
            [
                0.0,
                0.0,
                1.0,
                2.08650541305542
            ],
            [
                0.0,
                0.0,
                0.0,
                1.0
            ]
        ],
        "instance_23_wall_art_5": [
            [
                -4.371138828673793e-08,
                1.0,
                0.0,
                2.4154648780822754
            ],
            [
                -1.0,
                -4.371138828673793e-08,
                0.0,
                1.0775705575942993
            ],
            [
                0.0,
                0.0,
                1.0,
                2.361765146255493
            ],
            [
                0.0,
                0.0,
                0.0,
                1.0
            ]
        ],
        "instance_24_pot_plant_1": [
            [
                -0.9108000993728638,
                0.412847638130188,
                -4.952990906303967e-08,
                -2.252593994140625
            ],
            [
                -0.40823373198509216,
                -0.9006211757659912,
                -0.14908647537231445,
                0.040815774351358414
            ],
            [
                -0.061550043523311615,
                -0.1357879489660263,
                0.988824188709259,
                1.0044406652450562
            ],
            [
                0.0,
                0.0,
                0.0,
                1.0
            ]
        ],
        "instance_25_pot_plant_2": [
            [
                -1.0,
                -3.8941436741879443e-07,
                -8.742286183860415e-08,
                -0.03885546326637268
            ],
            [
                3.8941436741879443e-07,
                -1.0,
                -2.3841855067985307e-07,
                0.6751465201377869
            ],
            [
                -8.74227694680485e-08,
                -2.384185791015625e-07,
                1.0,
                0.9931728839874268
            ],
            [
                0.0,
                0.0,
                0.0,
                1.0
            ]
        ],
        "instance_2_sideboard_0": [
            [
                -4.371138828673793e-08,
                -1.0,
                0.0,
                -2.272946357727051
            ],
            [
                1.0,
                -4.371138828673793e-08,
                0.0,
                -0.19757089018821716
            ],
            [
                0.0,
                0.0,
                1.0,
                0.32934337854385376
            ],
            [
                0.0,
                0.0,
                0.0,
                1.0
            ]
        ],
        "instance_3_table_lamp_0": [
            [
                -0.7890739440917969,
                -0.6142982244491577,
                -4.549567833578294e-08,
                -2.247830867767334
            ],
            [
                0.6141000986099243,
                -0.7888194918632507,
                -0.02539505809545517,
                -0.7998417019844055
            ],
            [
                0.015600102953612804,
                -0.020038606598973274,
                0.9996774792671204,
                0.8269057273864746
            ],
            [
                0.0,
                0.0,
                0.0,
                1.0
            ]
        ],
        "instance_4_dining_chairs_2": [
            [
                -0.4950748383998871,
                0.8688503503799438,
                0.0,
                0.7700039148330688
            ],
            [
                -0.8688503503799438,
                -0.4950748383998871,
                0.0,
                0.029403112828731537
            ],
            [
                0.0,
                0.0,
                1.0,
                0.43483859300613403
            ],
            [
                0.0,
                0.0,
                0.0,
                1.0
            ]
        ],
        "instance_5_dining_chairs_3": [
            [
                0.7420825958251953,
                0.6703084111213684,
                0.0,
                0.8317766189575195
            ],
            [
                -0.6703084111213684,
                0.7420825958251953,
                0.0,
                1.4620704650878906
            ],
            [
                0.0,
                0.0,
                1.0,
                0.43483856320381165
            ],
            [
                0.0,
                0.0,
                0.0,
                1.0
            ]
        ],
        "instance_7_round_tray_0": [
            [
                -0.6400654911994934,
                -0.7683203220367432,
                6.31260235195441e-08,
                -0.021717511117458344
            ],
            [
                0.7530319094657898,
                -0.6273291707038879,
                -0.19849704205989838,
                0.7034946084022522
            ],
            [
                0.15250936150550842,
                -0.12705105543136597,
                0.980101466178894,
                0.7192538976669312
            ],
            [
                0.0,
                0.0,
                0.0,
                1.0
            ]
        ],
        "instance_8_dining_chairs_4": [
            [
                -0.6236692667007446,
                -0.7816883325576782,
                0.0,
                -0.7726273536682129
            ],
            [
                0.7816883325576782,
                -0.6236692667007446,
                0.0,
                -0.08868544548749924
            ],
            [
                0.0,
                0.0,
                1.0,
                0.4348386228084564
            ],
            [
                0.0,
                0.0,
                0.0,
                1.0
            ]
        ],
        "instance_9_red_fruit_0": [
            [
                0.6379870176315308,
                0.770047128200531,
                -3.384704427844554e-08,
                0.007104638498276472
            ],
            [
                -0.7571830153465271,
                0.6273289918899536,
                -0.18202248215675354,
                0.6881735920906067
            ],
            [
                -0.14016586542129517,
                0.11612799763679504,
                0.9832943677902222,
                0.8595535755157471
            ],
            [
                0.0,
                0.0,
                0.0,
                1.0
            ]
        ]
    }
}