{
    "reference_obj": "instance_26_ground_0",
    "final_pose_relative_to_reference_obj": {
        "instance_0_dining_chairs_0": [
            [
                -0.509248673915863,
                -0.8606193661689758,
                -2.063587203338102e-07,
                -1.4299399852752686
            ],
            [
                0.7872565984725952,
                -0.4658379852771759,
                -0.4040074348449707,
                1.1292717456817627
            ],
            [
                0.34769657254219055,
                -0.20574039220809937,
                0.914755642414093,
                1.0472619533538818
            ],
            [
                0.0,
                0.0,
                0.0,
                1.0
            ]
        ],
        "instance_10_floor_rug_0": [
            [
                0.0505228154361248,
                0.9987229108810425,
                9.572385550882245e-08,
                -0.005044476129114628
            ],
            [
                -0.8594645261764526,
                0.043478142470121384,
                -0.5093430876731873,
                0.5942980647087097
            ],
            [
                -0.5086925625801086,
                0.02573336474597454,
                0.8605635762214661,
                0.07977600395679474
            ],
            [
                0.0,
                0.0,
                0.0,
                1.0
            ]
        ],
        "instance_11_red_fruit_1": [
            [
                -0.999802827835083,
                0.019855942577123642,
                -1.6037235539556605e-08,
                -0.0746973305940628
            ],
            [
                -0.019366448745131493,
                -0.975155234336853,
                0.2206743210554123,
                0.7606956362724304
            ],
            [
                0.004381681326776743,
                0.22063082456588745,
                0.9753475785255432,
                1.1967272758483887
            ],
            [
                0.0,
                0.0,
                0.0,
                1.0
            ]
        ],
        "instance_12_chandelier_0": [
            [
                0.7083302140235901,
                -0.7058812379837036,
                -1.7848003963649717e-08,
                0.025376999750733376
            ],
            [
                0.6746779084205627,
                0.6770188808441162,
                0.2940326929092407,
                0.6288952827453613
            ],
            [
                -0.20755210518836975,
                -0.2082722932100296,
                0.9557953476905823,
                3.4566168785095215
            ],
            [
                0.0,
                0.0,
                0.0,
                1.0
            ]
        ],
        "instance_13_wall_art_0": [
            [
                0.3175292909145355,
                -0.9482484459877014,
                -1.6149305892554366e-08,
                -2.458094835281372
            ],
            [
                0.9459827542304993,
                0.31677061319351196,
                -0.06908737868070602,
                -0.5734330415725708
            ],
            [
                0.06551200151443481,
                0.021937251091003418,
                0.9976106286048889,
                2.1306705474853516
            ],
            [
                0.0,
                0.0,
                0.0,
                1.0
            ]
        ],
        "instance_14_dining_table_0": [
            [
                0.9934675097465515,
                0.11411461979150772,
                -5.193525609570315e-08,
                -0.043578051030635834
            ],
            [
                -0.1063036173582077,
                0.9254656434059143,
                -0.36361056566238403,
                0.49298596382141113
            ],
            [
                -0.041493237018585205,
                0.3612353205680847,
                0.9315509796142578,
                0.9547926783561707
            ],
            [
                0.0,
                0.0,
                0.0,
                1.0
            ]
        ],
        "instance_15_wall_0": [
            [
                -0.1055946871638298,
                -0.9944092631340027,
                -1.3224004646872345e-07,
                -2.523721694946289
            ],
            [
                0.994362473487854,
                -0.10558972507715225,
                0.009701797738671303,
                0.3673917055130005
            ],
            [
                -0.009647570550441742,
                0.0010243267752230167,
                0.999953031539917,
                2.0078773498535156
            ],
            [
                0.0,
                0.0,
                0.0,
                1.0
            ]
        ],
        "instance_16_wall_art_1": [
            [
                0.9983562231063843,
                0.05731409788131714,
                -8.9669427438821e-08,
                0.7394769787788391
            ],
            [
                -0.043858710676431656,
                0.7639753222465515,
                -0.643753170967102,
                2.287283420562744
            ],
            [
                -0.03689606115221977,
                0.6426949501037598,
                0.7652332186698914,
                2.56860089302063
            ],
            [
                0.0,
                0.0,
                0.0,
                1.0
            ]
        ],
        "instance_17_pot_plant_0": [
            [
                -0.7117776870727539,
                0.7024047374725342,
                -2.6372164452226343e-09,
                1.9955686330795288
            ],
            [
                -0.6681032776832581,
                -0.6770185828208923,
                0.3086807131767273,
                0.3431340456008911
            ],
            [
                0.21681877970695496,
                0.2197120487689972,
                0.9511657357215881,
                1.2385718822479248
            ],
            [
                0.0,
                0.0,
                0.0,
                1.0
            ]
        ],
        "instance_18_wall_art_2": [
            [
                0.3681211471557617,
                0.9297778010368347,
                2.2872120553074637e-07,
                2.4274227619171143
            ],
            [
                -0.9255816340446472,
                0.36645975708961487,
                -0.09489938616752625,
                0.5059139132499695
            ],
            [
                -0.08823541551828384,
                0.03493424877524376,
                0.9954869747161865,
                2.1536617279052734
            ],
            [
                0.0,
                0.0,
                0.0,
                1.0
            ]
        ],
        "instance_19_wall_art_3": [
            [
                0.9970989227294922,
                0.07611659914255142,
                9.772624309789535e-08,
                -0.7151185870170593
            ],
            [
                -0.06211363151669502,
                0.8136645555496216,
                0.5780068635940552,
                2.277548313140869
            ],
            [
                0.04399583488702774,
                -0.5763300061225891,
                0.8160320520401001,
                2.5672197341918945
            ],
            [
                0.0,
                0.0,
                0.0,
                1.0
            ]
        ],
        "instance_1_dining_chairs_1": [
            [
                -0.9931879639625549,
                -0.11652255803346634,
                -7.674800173163021e-08,
                -0.23155814409255981
            ],
            [
                0.1158643364906311,
                -0.9875776171684265,
                -0.10614118725061417,
                1.5284682512283325
            ],
            [
                0.012367765419185162,
                -0.10541816800832748,
                0.9943510890007019,
                0.9727621674537659
            ],
            [
                0.0,
                0.0,
                0.0,
                1.0
            ]
        ],
        "instance_20_wall_1": [
            [
                1.0,
                2.3841856489070778e-07,
                4.1188213728343345e-14,
                -0.07899903506040573
            ],
            [
                -2.3841856489070778e-07,
                1.0,
                1.6292068494294654e-07,
                2.272303581237793
            ],
            [
                -2.3448961532674143e-15,
                -1.6292068494294654e-07,
                1.0,
                2.1989128589630127
            ],
            [
                0.0,
                0.0,
                0.0,
                1.0
            ]
        ],
        "instance_21_wall_2": [
            [
                -0.1055946871638298,
                -0.9944092631340027,
                -1.3224004646872345e-07,
                2.422485113143921
            ],
            [
                0.994362473487854,
                -0.10558972507715225,
                0.009701797738671303,
                0.7418848872184753
            ],
            [
                -0.009647570550441742,
                0.0010243267752230167,
                0.999953031539917,
                2.0640621185302734
            ],
            [
                0.0,
                0.0,
                0.0,
                1.0
            ]
        ],
        "instance_22_wall_art_4": [
            [
                0.637986958026886,
                0.7700471878051758,
                -1.2306102803449903e-08,
                2.4053728580474854
            ],
            [
                -0.7571830749511719,
                0.6273289918899536,
                -0.18202248215675354,
                -0.1978175789117813
            ],
            [
                -0.14016588032245636,
                0.11612796783447266,
                0.9832944869995117,
                2.08650541305542
            ],
            [
                0.0,
                0.0,
                0.0,
                1.0
            ]
        ],
        "instance_23_wall_art_5": [
            [
                0.3175292909145355,
                -0.9482484459877014,
                -1.362543287086737e-07,
                2.40997052192688
            ],
            [
                0.9459827542304993,
                0.31677061319351196,
                -0.06908733397722244,
                1.0775705575942993
            ],
            [
                0.06551200151443481,
                0.02193712443113327,
                0.9976106286048889,
                2.361765146255493
            ],
            [
                0.0,
                0.0,
                0.0,
                1.0
            ]
        ],
        "instance_24_pot_plant_1": [
            [
                -0.910800039768219,
                0.412847638130188,
                -4.673944786759421e-08,
                -2.252593994140625
            ],
            [
                -0.4082337021827698,
                -0.9006211161613464,
                -0.14908649027347565,
                0.040815774351358414
            ],
            [
                -0.061550043523311615,
                -0.1357879638671875,
                0.988824188709259,
                1.328194260597229
            ],
            [
                0.0,
                0.0,
                0.0,
                1.0
            ]
        ],
        "instance_25_pot_plant_2": [
            [
                -1.0,
                -3.8941436741879443e-07,
                -8.74228689440315e-08,
                -0.03885546326637268
            ],
            [
                3.8941436741879443e-07,
                -1.0,
                -2.3841855067985307e-07,
                0.6751465201377869
            ],
            [
                -8.742277657347586e-08,
                -2.384185791015625e-07,
                1.0,
                1.5286451578140259
            ],
            [
                0.0,
                0.0,
                0.0,
                1.0
            ]
        ],
        "instance_2_sideboard_0": [
            [
                0.2372758686542511,
                -0.9714422821998596,
                -1.3066333792721707e-07,
                -2.2521114349365234
            ],
            [
                0.8900328278541565,
                0.21739156544208527,
                -0.4007274806499481,
                -0.19757089018821716
            ],
            [
                0.3892836570739746,
                0.0950828418135643,
                0.9161972999572754,
                0.5925170183181763
            ],
            [
                0.0,
                0.0,
                0.0,
                1.0
            ]
        ],
        "instance_3_table_lamp_0": [
            [
                -0.7890739440917969,
                -0.6142982244491577,
                -4.435146294667902e-08,
                -2.247830867767334
            ],
            [
                0.6141000986099243,
                -0.7888194918632507,
                -0.02539505995810032,
                -0.7998417019844055
            ],
            [
                0.015600102953612804,
                -0.020038604736328125,
                0.9996775984764099,
                1.1727581024169922
            ],
            [
                0.0,
                0.0,
                0.0,
                1.0
            ]
        ],
        "instance_4_dining_chairs_2": [
            [
                -0.44877541065216064,
                0.8936445713043213,
                -1.3691467515286604e-08,
                0.7700039148330688
            ],
            [
                -0.7544661164283752,
                -0.3788820207118988,
                -0.5359377264976501,
                0.029403112828731537
            ],
            [
                -0.47893786430358887,
                -0.24051566421985626,
                0.8442575335502625,
                0.762904942035675
            ],
            [
                0.0,
                0.0,
                0.0,
                1.0
            ]
        ],
        "instance_5_dining_chairs_3": [
            [
                -0.0411764420568943,
                0.9991518259048462,
                -1.919035419462034e-08,
                0.8317766189575195
            ],
            [
                -0.45214810967445374,
                -0.01863367110490799,
                -0.8917481303215027,
                1.4620704650878906
            ],
            [
                -0.8909918665885925,
                -0.03671900928020477,
                0.4525319039821625,
                1.0214667320251465
            ],
            [
                0.0,
                0.0,
                0.0,
                1.0
            ]
        ],
        "instance_6_ceiling_0": [
            [
                -0.9737796783447266,
                0.22749283909797668,
                2.98632784279107e-07,
                -0.06859453022480011
            ],
            [
                -0.2045973539352417,
                -0.8757768273353577,
                0.43721285462379456,
                0.1676272451877594
            ],
            [
                0.09946303814649582,
                0.4257490336894989,
                0.8993580341339111,
                4.017230987548828
            ],
            [
                0.0,
                0.0,
                0.0,
                1.0
            ]
        ],
        "instance_7_round_tray_0": [
            [
                -0.6400653123855591,
                -0.7683205008506775,
                2.5259213387585078e-08,
                -0.021717511117458344
            ],
            [
                0.7530320882797241,
                -0.6273289918899536,
                -0.19849704205989838,
                0.7034946084022522
            ],
            [
                0.15250937640666962,
                -0.12705105543136597,
                0.9801014065742493,
                1.1367467641830444
            ],
            [
                0.0,
                0.0,
                0.0,
                1.0
            ]
        ],
        "instance_8_dining_chairs_4": [
            [
                -0.9021703004837036,
                -0.43138009309768677,
                -6.053735290834084e-08,
                -0.7726273536682129
            ],
            [
                0.42469945549964905,
                -0.8881986737251282,
                -0.17530956864356995,
                -0.08868544548749924
            ],
            [
                0.07562500238418579,
                -0.15815910696983337,
                0.9845133423805237,
                0.8424586057662964
            ],
            [
                0.0,
                0.0,
                0.0,
                1.0
            ]
        ],
        "instance_9_red_fruit_0": [
            [
                0.6379871964454651,
                0.7700470089912415,
                2.7680318037681673e-09,
                0.007104638498276472
            ],
            [
                -0.7571830153465271,
                0.6273291707038879,
                -0.18202243745326996,
                0.6881735920906067
            ],
            [
                -0.14016585052013397,
                0.11612796783447266,
                0.9832943677902222,
                1.2214124202728271
            ],
            [
                0.0,
                0.0,
                0.0,
                1.0
            ]
        ]
    }
}