{
  "reference_obj": "floor_0",
  "scene_camrea_name": "scene_camera",
  "obj_info": {
    "backrest_chair_0": {
      "parent": "floor_0",
      "SpatialRel": "on",
      "againstWall": "wall_1",
      "directlyFacing": "desk_0",
      "natural_pose": false,
      "retrieved_asset": "SM_desk_chair",
      "pose": [
        [
          -0.6862392425537109,
          0.7273572087287903,
          0.005211901385337114,
          1.7553404569625854
        ],
        [
          -0.6942226886749268,
          -0.6528056263923645,
          -0.3031497001647949,
          -1.0318089723587036
        ],
        [
          -0.217095747590065,
          -0.21165142953395844,
          0.9529287219047546,
          0.5542171001434326
        ],
        [
          0.0,
          0.0,
          0.0,
          1.0
        ]
      ],
      "pcd_obb_size": [
        0.5643628051999638,
        0.7507641819516997,
        1.344412831582082
      ],
      "scale": [
        1.0,
        1.0,
        1.0
      ],
      "final_pose": [
        [
          -0.9812391400337219,
          0.19279460608959198,
          0.0,
          1.8466694355010986
        ],
        [
          -0.19279460608959198,
          -0.9812391400337219,
          0.0,
          -1.0318089723587036
        ],
        [
          0.0,
          0.0,
          1.0,
          0.5866796374320984
        ],
        [
          0.0,
          0.0,
          0.0,
          1.0
        ]
      ],
      "bbox": [
        [
          2.044696569442749,
          -0.7196531295776367,
          0.053700029850006104
        ],
        [
          2.044696569442749,
          -0.7196531295776367,
          1.119659185409546
        ],
        [
          2.148081064224243,
          -1.2458347082138062,
          1.119659185409546
        ],
        [
          2.148081064224243,
          -1.2458347082138062,
          0.053700029850006104
        ],
        [
          1.5452576875686646,
          -0.8177832961082458,
          0.053700029850006104
        ],
        [
          1.5452576875686646,
          -0.8177832961082458,
          1.119659185409546
        ],
        [
          1.6486423015594482,
          -1.3439648151397705,
          1.119659185409546
        ],
        [
          1.6486423015594482,
          -1.3439648151397705,
          0.053700029850006104
        ]
      ],
      "length": [
        0.5089879035949707,
        0.536241888999939,
        1.0659592151641846
      ]
    },
    "ceiling_light_0": {
      "parent": "ceiling_0",
      "SpatialRel": "on",
      "againstWall": null,
      "directlyFacing": null,
      "natural_pose": false,
      "retrieved_asset": "SM_Ceiling_Lamp_2",
      "pose": [
        [
          -0.9999850392341614,
          0.0003153261204715818,
          0.005460546817630529,
          0.3478320240974426
        ],
        [
          -8.742146917484206e-08,
          -0.9983377456665039,
          0.05763425678014755,
          0.7774474620819092
        ],
        [
          0.005469643510878086,
          0.05763339623808861,
          0.9983228445053101,
          4.937790870666504
        ],
        [
          0.0,
          0.0,
          0.0,
          1.0
        ]
      ],
      "pcd_obb_size": [
        0.0022496659682111897,
        0.027084558741756304,
        0.14912744630962338
      ],
      "scale": [
        1.0,
        1.0,
        1.0
      ],
      "final_pose": [
        [
          -0.9999850392341614,
          0.0003153894795104861,
          0.005460541229695082,
          0.3478320240974426
        ],
        [
          -1.5099354300218693e-07,
          -0.9983376860618591,
          0.05763426050543785,
          0.7774474620819092
        ],
        [
          0.005469641648232937,
          0.05763339623808861,
          0.9983228445053101,
          4.937790870666504
        ],
        [
          0.0,
          0.0,
          0.0,
          1.0
        ]
      ],
      "bbox": [
        [
          0.4256203770637512,
          0.8224824070930481,
          4.308011531829834
        ],
        [
          0.4324537217617035,
          0.8946062326431274,
          5.557318210601807
        ],
        [
          0.4325049817562103,
          0.732412576675415,
          5.566681385040283
        ],
        [
          0.42567163705825806,
          0.6602887511253357,
          4.317375183105469
        ],
        [
          0.2631590664386749,
          0.8224823474884033,
          4.308900356292725
        ],
        [
          0.2699924111366272,
          0.8946061730384827,
          5.558206558227539
        ],
        [
          0.27004367113113403,
          0.7324125170707703,
          5.567570209503174
        ],
        [
          0.26321032643318176,
          0.6602886915206909,
          4.318263530731201
        ]
      ],
      "length": [
        0.1624637395143509,
        0.1624637246131897,
        1.2514052391052246
      ]
    },
    "desk_0": {
      "parent": "floor_0",
      "SpatialRel": "on",
      "againstWall": "wall_1",
      "directlyFacing": null,
      "natural_pose": false,
      "retrieved_asset": "SM_desk_compiled",
      "pose": [
        [
          -0.1292521059513092,
          -0.8015255331993103,
          0.004320339299738407,
          1.6232794523239136
        ],
        [
          0.5636768341064453,
          -0.17131303250789642,
          -0.22305980324745178,
          -0.23336292803287506
        ],
        [
          0.15988226234912872,
          -0.0439927875995636,
          0.7899065613746643,
          0.6525430679321289
        ],
        [
          0.0,
          0.0,
          0.0,
          1.0
        ]
      ],
      "pcd_obb_size": [
        0.4572790196616614,
        0.6976873584075748,
        1.1087242329768463
      ],
      "scale": [
        0.6000000238418579,
        0.8208085894584656,
        0.8208085894584656
      ],
      "final_pose": [
        [
          2.598754633709177e-07,
          0.8208085298538208,
          0.0,
          1.68979012966156
        ],
        [
          -0.6000000238418579,
          3.555133218924311e-07,
          0.0,
          -0.23336289823055267
        ],
        [
          0.0,
          0.0,
          0.8208085894584656,
          0.400473415851593
        ],
        [
          0.0,
          0.0,
          0.0,
          1.0
        ]
      ],
      "bbox": [
        [
          1.3409461975097656,
          0.5166369676589966,
          0.053700029850006104
        ],
        [
          1.3409461975097656,
          0.5166369676589966,
          0.7472468018531799
        ],
        [
          2.0386335849761963,
          0.5166372656822205,
          0.7472468018531799
        ],
        [
          2.0386335849761963,
          0.5166372656822205,
          0.053700029850006104
        ],
        [
          1.3409467935562134,
          -0.9833630323410034,
          0.053700029850006104
        ],
        [
          1.3409467935562134,
          -0.9833630323410034,
          0.7472468018531799
        ],
        [
          2.0386340618133545,
          -0.9833627343177795,
          0.7472468018531799
        ],
        [
          2.0386340618133545,
          -0.9833627343177795,
          0.053700029850006104
        ]
      ],
      "length": [
        2.5,
        0.8500000834465027,
        0.844955563545227
      ]
    },
    "desk_lamp_0": {
      "parent": "nightstands_0",
      "SpatialRel": "on",
      "againstWall": null,
      "directlyFacing": null,
      "natural_pose": false,
      "retrieved_asset": "SM_desk_props_clamp_light_compiled",
      "pose": [
        [
          0.3679251968860626,
          0.9298393130302429,
          0.0054656462743878365,
          -1.0475441217422485
        ],
        [
          -0.9291286468505859,
          0.36786362528800964,
          -0.03736747056245804,
          1.4045720100402832
        ],
        [
          -0.036756355315446854,
          0.008670144714415073,
          0.9992866516113281,
          1.2902061939239502
        ],
        [
          0.0,
          0.0,
          0.0,
          1.0
        ]
      ],
      "pcd_obb_size": [
        0.13466853624747488,
        0.673106362364077,
        0.10517159860534964
      ],
      "scale": [
        1.0,
        1.0,
        1.0
      ],
      "final_pose": [
        [
          0.3679251968860626,
          0.9298391938209534,
          0.0054656448774039745,
          -1.0475441217422485
        ],
        [
          -0.9291286468505859,
          0.36786359548568726,
          -0.03736746683716774,
          1.4045720100402832
        ],
        [
          -0.036756351590156555,
          0.008670143783092499,
          0.9992866516113281,
          0.7843657732009888
        ],
        [
          0.0,
          0.0,
          0.0,
          1.0
        ]
      ],
      "bbox": [
        [
          -1.3020479679107666,
          1.5496517419815063,
          0.7303472757339478
        ],
        [
          -1.301383376121521,
          1.545108437538147,
          0.8518450260162354
        ],
        [
          -0.9596740007400513,
          1.680295705795288,
          0.8550312519073486
        ],
        [
          -0.9603385925292969,
          1.6848390102386475,
          0.733533501625061
        ],
        [
          -1.1354142427444458,
          1.1288483142852783,
          0.7137002944946289
        ],
        [
          -1.1347496509552002,
          1.124305009841919,
          0.8351980447769165
        ],
        [
          -0.7930403351783752,
          1.25949227809906,
          0.8383842706680298
        ],
        [
          -0.7937048673629761,
          1.2640355825424194,
          0.7168865203857422
        ]
      ],
      "length": [
        0.45290106534957886,
        0.3674929738044739,
        0.1215844675898552
      ]
    },
    "desktop_potted_plant_0": {
      "parent": "desk_0",
      "SpatialRel": "on",
      "againstWall": null,
      "directlyFacing": null,
      "natural_pose": false,
      "retrieved_asset": "SM_Decor_8",
      "pose": [
        [
          -0.6394605040550232,
          -0.7688049077987671,
          0.005414445418864489,
          1.906005620956421
        ],
        [
          0.7605699896812439,
          -0.633608877658844,
          -0.14167946577072144,
          -0.6834954619407654
        ],
        [
          0.11235450953245163,
          -0.08648035675287247,
          0.9898977875709534,
          1.2471755743026733
        ],
        [
          0.0,
          0.0,
          0.0,
          1.0
        ]
      ],
      "pcd_obb_size": [
        0.05294539941755971,
        0.33832919232360004,
        0.04550640140146189
      ],
      "scale": [
        1.0,
        1.0,
        1.0
      ],
      "final_pose": [
        [
          -0.6394605040550232,
          -0.7688049077987671,
          0.005414450541138649,
          1.906005620956421
        ],
        [
          0.7605699896812439,
          -0.633608877658844,
          -0.14167948067188263,
          -0.6834954619407654
        ],
        [
          0.11235451698303223,
          -0.08648035675287247,
          0.9898977875709534,
          1.0192606449127197
        ],
        [
          0.0,
          0.0,
          0.0,
          1.0
        ]
      ],
      "bbox": [
        [
          2.091994524002075,
          -0.7047749161720276,
          0.7658559679985046
        ],
        [
          2.094667434692383,
          -0.7747143507003784,
          1.2545146942138672
        ],
        [
          1.9292330741882324,
          -0.911056637763977,
          1.2359055280685425
        ],
        [
          1.9265602827072144,
          -0.8411171436309814,
          0.7472468018531799
        ],
        [
          1.8827781677246094,
          -0.4559343159198761,
          0.802615761756897
        ],
        [
          1.8854509592056274,
          -0.5258737802505493,
          1.2912744283676147
        ],
        [
          1.7200167179107666,
          -0.6622160077095032,
          1.2726653814315796
        ],
        [
          1.7173439264297485,
          -0.5922765731811523,
          0.7840065956115723
        ]
      ],
      "length": [
        0.32717645168304443,
        0.21518361568450928,
        0.49364566802978516
      ]
    },
    "double_bed_0": {
      "parent": "floor_0",
      "SpatialRel": "on",
      "againstWall": "wall_2",
      "directlyFacing": null,
      "natural_pose": false,
      "retrieved_asset": "30",
      "pose": [
        [
          0.9932596683502197,
          0.1157936081290245,
          0.005201269406825304,
          -0.21420523524284363
        ],
        [
          -0.10851827263832092,
          0.9447470307350159,
          -0.3093167543411255,
          0.4345380961894989
        ],
        [
          -0.0407307893037796,
          0.3066674470901489,
          0.9509448409080505,
          0.6546815633773804
        ],
        [
          0.0,
          0.0,
          0.0,
          1.0
        ]
      ],
      "pcd_obb_size": [
        1.1836875943069298,
        1.1395257272492771,
        2.465492418266176
      ],
      "scale": [
        1.0,
        1.0,
        1.0
      ],
      "final_pose": [
        [
          7.549789415861596e-08,
          -1.0,
          0.0,
          -0.6506681442260742
        ],
        [
          0.9999999403953552,
          7.549790126404332e-08,
          0.0,
          0.4345381557941437
        ],
        [
          0.0,
          0.0,
          1.0,
          0.589593231678009
        ],
        [
          0.0,
          0.0,
          0.0,
          1.0
        ]
      ],
      "bbox": [
        [
          0.5895368456840515,
          -0.5356183648109436,
          0.053700029850006104
        ],
        [
          0.5895368456840515,
          -0.5356183648109436,
          1.1254863739013672
        ],
        [
          -1.8908733129501343,
          -0.5356181859970093,
          1.1254863739013672
        ],
        [
          -1.8908733129501343,
          -0.5356181859970093,
          0.053700029850006104
        ],
        [
          0.5895369648933411,
          1.4046944379806519,
          0.053700029850006104
        ],
        [
          0.5895369648933411,
          1.4046944379806519,
          1.1254863739013672
        ],
        [
          -1.8908730745315552,
          1.404694676399231,
          1.1254863739013672
        ],
        [
          -1.8908730745315552,
          1.404694676399231,
          0.053700029850006104
        ]
      ],
      "length": [
        1.9403129816055298,
        2.480410099029541,
        1.0717864036560059
      ]
    },
    "floor_0": {
      "parent": null,
      "SpatialRel": null,
      "againstWall": null,
      "directlyFacing": null,
      "natural_pose": false,
      "retrieved_asset": "Floor",
      "pose": [
        [
          1.0,
          0.0,
          0.0,
          0.0
        ],
        [
          0.0,
          1.0,
          0.0,
          0.0
        ],
        [
          0.0,
          0.0,
          1.0,
          0.0
        ],
        [
          0.0,
          0.0,
          0.0,
          1.0
        ]
      ],
      "pcd_obb_size": null,
      "scale": null
    },
    "guitar_0": {
      "parent": "floor_0",
      "SpatialRel": "on",
      "againstWall": null,
      "directlyFacing": null,
      "natural_pose": true,
      "retrieved_asset": "SM_guitar",
      "pose": [
        [
          0.9522612690925598,
          0.30523592233657837,
          0.005431064870208502,
          1.8673254251480103
        ],
        [
          -0.3037080466747284,
          0.9453892707824707,
          0.11832382529973984,
          1.4007691144943237
        ],
        [
          0.030982213094830513,
          -0.1143246591091156,
          0.9929602146148682,
          1.0176959037780762
        ],
        [
          0.0,
          0.0,
          0.0,
          1.0
        ]
      ],
      "pcd_obb_size": [
        0.3753149452256537,
        1.6661342196855717,
        0.25242684833593465
      ],
      "scale": [
        1.0,
        1.0,
        1.0
      ],
      "final_pose": [
        [
          0.9522612690925598,
          0.305235892534256,
          0.005431064870208502,
          1.8673254251480103
        ],
        [
          -0.3037080466747284,
          0.9453891515731812,
          0.11832382529973984,
          1.4007691144943237
        ],
        [
          0.030982213094830513,
          -0.1143246442079544,
          0.9929602146148682,
          0.5898392200469971
        ],
        [
          0.0,
          0.0,
          0.0,
          1.0
        ]
      ],
      "bbox": [
        [
          1.6680049896240234,
          1.3521751165390015,
          0.06437955796718597
        ],
        [
          1.6737465858459473,
          1.4772653579711914,
          1.114122986793518
        ],
        [
          1.70225989818573,
          1.5655779838562012,
          1.1034433841705322
        ],
        [
          1.6965183019638062,
          1.4404877424240112,
          0.05370002239942551
        ],
        [
          2.032390832901001,
          1.2359602451324463,
          0.07623500376939774
        ],
        [
          2.038132667541504,
          1.3610504865646362,
          1.1259784698486328
        ],
        [
          2.066645860671997,
          1.449363112449646,
          1.115298867225647
        ],
        [
          2.0609042644500732,
          1.324272871017456,
          0.06555546820163727
        ]
      ],
      "length": [
        0.3826533555984497,
        0.09341411292552948,
        1.0571857690811157
      ]
    },
    "guitar_1": {
      "parent": "floor_0",
      "SpatialRel": "on",
      "againstWall": null,
      "directlyFacing": null,
      "natural_pose": true,
      "retrieved_asset": "SM_guitar",
      "pose": [
        [
          0.9530187249183655,
          -0.3028647303581238,
          0.005314731504768133,
          -1.7184302806854248
        ],
        [
          0.29310429096221924,
          0.926450252532959,
          0.23617735505104065,
          -1.1000025272369385
        ],
        [
          -0.07645362615585327,
          -0.22352367639541626,
          0.9716954231262207,
          0.6261914372444153
        ],
        [
          0.0,
          0.0,
          0.0,
          1.0
        ]
      ],
      "pcd_obb_size": [
        0.19209226245915278,
        0.3442995630903303,
        1.2601646757496985
      ],
      "scale": [
        1.0,
        1.0,
        1.0
      ],
      "final_pose": [
        [
          0.9530186653137207,
          -0.30286476016044617,
          0.0053147198632359505,
          -1.7184302806854248
        ],
        [
          0.2931043207645416,
          0.9264501929283142,
          0.23617736995220184,
          -1.1000025272369385
        ],
        [
          -0.07645362615585327,
          -0.22352367639541626,
          0.9716954231262207,
          0.5923990607261658
        ],
        [
          0.0,
          0.0,
          0.0,
          1.0
        ]
      ],
      "bbox": [
        [
          -1.8894315958023071,
          -1.3241946697235107,
          0.10383553057909012
        ],
        [
          -1.8838129043579102,
          -1.0745112895965576,
          1.1310981512069702
        ],
        [
          -1.9121047258377075,
          -0.9879677891731262,
          1.110217809677124
        ],
        [
          -1.9177234172821045,
          -1.2376511096954346,
          0.0829552635550499
        ],
        [
          -1.524755835533142,
          -1.2120373249053955,
          0.07458028942346573
        ],
        [
          -1.5191371440887451,
          -0.9623539447784424,
          1.1018428802490234
        ],
        [
          -1.5474289655685425,
          -0.8758103847503662,
          1.0809625387191772
        ],
        [
          -1.5530476570129395,
          -1.1254937648773193,
          0.053700026124715805
        ]
      ],
      "length": [
        0.3826533555984497,
        0.09341411292552948,
        1.0571857690811157
      ]
    },
    "lcd_tv_0": {
      "parent": "desk_0",
      "SpatialRel": "on",
      "againstWall": "wall_1",
      "directlyFacing": null,
      "natural_pose": false,
      "retrieved_asset": "SM_TVFlat_01a",
      "pose": [
        [
          0.11063927412033081,
          0.998024046421051,
          0.0054679508320987225,
          1.9962131977081299
        ],
        [
          -1.0326043367385864,
          0.10561319440603256,
          0.08927471190690994,
          -0.178900346159935
        ],
        [
          0.09160668402910233,
          -0.014889991842210293,
          0.9997139573097229,
          1.3000738620758057
        ],
        [
          0.0,
          0.0,
          0.0,
          1.0
        ]
      ],
      "pcd_obb_size": [
        0.9591435004269862,
        0.5564013088930109,
        0.13023348306404758
      ],
      "scale": [
        1.0425471067428589,
        1.0037070512771606,
        1.0037070512771606
      ],
      "final_pose": [
        [
          4.5155400130170165e-07,
          1.0037070512771606,
          0.0,
          2.0635688304901123
        ],
        [
          -1.0425471067428589,
          4.3473139044181153e-07,
          0.0,
          -0.1789003163576126
        ],
        [
          0.0,
          0.0,
          1.0037070512771606,
          1.0672425031661987
        ],
        [
          0.0,
          0.0,
          0.0,
          1.0
        ]
      ],
      "bbox": [
        [
          2.012157440185547,
          0.30067142844200134,
          0.7890418767929077
        ],
        [
          2.012157440185547,
          0.30067142844200134,
          1.3454431295394897
        ],
        [
          2.1149797439575195,
          0.30067145824432373,
          1.3454431295394897
        ],
        [
          2.1149797439575195,
          0.30067145824432373,
          0.7890418767929077
        ],
        [
          2.012157917022705,
          -0.6584720611572266,
          0.7890418767929077
        ],
        [
          2.012157917022705,
          -0.6584720611572266,
          1.3454431295394897
        ],
        [
          2.1149802207946777,
          -0.6584720015525818,
          1.3454431295394897
        ],
        [
          2.1149802207946777,
          -0.6584720015525818,
          0.7890418767929077
        ]
      ],
      "length": [
        0.9200001955032349,
        0.1024424135684967,
        0.5543463230133057
      ]
    },
    "nightstands_0": {
      "parent": "floor_0",
      "SpatialRel": "on",
      "againstWall": "wall_0",
      "directlyFacing": null,
      "natural_pose": false,
      "retrieved_asset": "SM_lockers_01",
      "pose": [
        [
          0.9981536269187927,
          0.06058166176080704,
          0.004381408449262381,
          -1.0161525011062622
        ],
        [
          -0.04591212421655655,
          0.799746572971344,
          -0.5985795855522156,
          1.3242288827896118
        ],
        [
          -0.039766959846019745,
          0.5972732305526733,
          0.8010513782501221,
          0.8010602593421936
        ],
        [
          0.0,
          0.0,
          0.0,
          1.0
        ]
      ],
      "pcd_obb_size": [
        0.5112543463846724,
        0.2877051563345442,
        0.10582646958715891
      ],
      "scale": [
        1.0,
        1.0,
        1.0
      ],
      "final_pose": [
        [
          1.0,
          -9.089139325624274e-07,
          0.0,
          -1.0161527395248413
        ],
        [
          9.089139325624274e-07,
          1.0,
          0.0,
          1.5316989421844482
        ],
        [
          0.0,
          0.0,
          1.0,
          0.3837001919746399
        ],
        [
          0.0,
          0.0,
          0.0,
          1.0
        ]
      ],
      "bbox": [
        [
          -1.2987914085388184,
          1.316273808479309,
          0.05370005965232849
        ],
        [
          -1.2987914085388184,
          1.316273808479309,
          0.7137002944946289
        ],
        [
          -1.298791766166687,
          1.7471235990524292,
          0.7137002944946289
        ],
        [
          -1.298791766166687,
          1.7471235990524292,
          0.05370005965232849
        ],
        [
          -0.7335137128829956,
          1.3162742853164673,
          0.05370005965232849
        ],
        [
          -0.7335137128829956,
          1.3162742853164673,
          0.7137002944946289
        ],
        [
          -0.7335140705108643,
          1.7471240758895874,
          0.7137002944946289
        ],
        [
          -0.7335140705108643,
          1.7471240758895874,
          0.05370005965232849
        ]
      ],
      "length": [
        0.5652776956558228,
        0.4308498501777649,
        0.6600002646446228
      ]
    },
    "scene_camera": {
      "parent": null,
      "SpatialRel": null,
      "againstWall": null,
      "directlyFacing": null,
      "natural_pose": false,
      "retrieved_asset": null,
      "pose": [
        [
          0.9999850392341614,
          0.005460401065647602,
          0.0003152296703774482,
          0.06787771731615067
        ],
        [
          -9.439141829270525e-11,
          0.057634178549051285,
          -0.9983376860618591,
          -4.420027732849121
        ],
        [
          -0.005469493102282286,
          0.9983227849006653,
          0.05763331800699234,
          2.131439685821533
        ],
        [
          0.0,
          0.0,
          0.0,
          1.0
        ]
      ],
      "pcd_obb_size": null,
      "scale": null
    },
    "small_desktop_storage_box_0": {
      "parent": "desk_0",
      "SpatialRel": "on",
      "againstWall": null,
      "directlyFacing": null,
      "natural_pose": false,
      "retrieved_asset": "SM_Tin_Boxes_Base",
      "pose": [
        [
          -0.9858357310295105,
          0.16762687265872955,
          0.005400863941758871,
          1.885259747505188
        ],
        [
          -0.16636528074741364,
          -0.9733259677886963,
          -0.15798452496528625,
          0.5913634896278381
        ],
        [
          -0.02122564986348152,
          -0.1566452980041504,
          0.9874268174171448,
          0.9118205308914185
        ],
        [
          0.0,
          0.0,
          0.0,
          1.0
        ]
      ],
      "pcd_obb_size": [
        0.17274822802969414,
        3.485024257249454e-05,
        0.020303611846042458
      ],
      "scale": [
        1.0,
        1.0,
        1.0
      ],
      "final_pose": [
        [
          -0.9858357310295105,
          0.16762685775756836,
          0.005400866735726595,
          1.885259747505188
        ],
        [
          -0.16636528074741364,
          -0.9733259081840515,
          -0.15798453986644745,
          0.5913634896278381
        ],
        [
          -0.02122564986348152,
          -0.1566452980041504,
          0.9874268174171448,
          0.7633840441703796
        ],
        [
          0.0,
          0.0,
          0.0,
          1.0
        ]
      ],
      "bbox": [
        [
          1.928633213043213,
          0.6359385848045349,
          0.7605498433113098
        ],
        [
          1.9287370443344116,
          0.6329032778739929,
          0.7795212864875793
        ],
        [
          1.9406960010528564,
          0.5634630918502808,
          0.7683457136154175
        ],
        [
          1.9405922889709473,
          0.5664983987808228,
          0.7493742108345032
        ],
        [
          1.8298234939575195,
          0.6192638874053955,
          0.7584223747253418
        ],
        [
          1.8299272060394287,
          0.6162285804748535,
          0.7773938775062561
        ],
        [
          1.841886281967163,
          0.5467883944511414,
          0.7662182450294495
        ],
        [
          1.8417824506759644,
          0.5498237013816833,
          0.7472468018531799
        ]
      ],
      "length": [
        0.10022943466901779,
        0.07134319841861725,
        0.019213039427995682
      ]
    },
    "small_desktop_storage_box_1": {
      "parent": "desk_0",
      "SpatialRel": "on",
      "againstWall": null,
      "directlyFacing": null,
      "natural_pose": false,
      "retrieved_asset": "SM_machine_gun_ammo_box_closed",
      "pose": [
        [
          0.9004234671592712,
          0.43498048186302185,
          0.005436913575977087,
          1.7429898977279663
        ],
        [
          -0.4318670928478241,
          0.8953397274017334,
          -0.10889268666505814,
          -0.3140437602996826
        ],
        [
          -0.05223407596349716,
          0.09570150822401047,
          0.9940386414527893,
          0.9138569831848145
        ],
        [
          0.0,
          0.0,
          0.0,
          1.0
        ]
      ],
      "pcd_obb_size": [
        0.05678530283971295,
        0.10843301304280883,
        0.21722453673741104
      ],
      "scale": [
        1.0,
        1.0,
        1.0
      ],
      "final_pose": [
        [
          0.9004234671592712,
          0.43498051166534424,
          0.005436913575977087,
          1.7429898977279663
        ],
        [
          -0.4318670928478241,
          0.8953397274017334,
          -0.10889267921447754,
          -0.3140437602996826
        ],
        [
          -0.05223407596349716,
          0.09570150077342987,
          0.9940386414527893,
          0.8344794511795044
        ],
        [
          0.0,
          0.0,
          0.0,
          1.0
        ]
      ],
      "bbox": [
        [
          1.589752197265625,
          -0.29898661375045776,
          0.7619447112083435
        ],
        [
          1.590563178062439,
          -0.3152279853820801,
          0.9102057218551636
        ],
        [
          1.6428616046905518,
          -0.2075798064470291,
          0.9217121005058289
        ],
        [
          1.6420506238937378,
          -0.1913384348154068,
          0.7734510898590088
        ],
        [
          1.8431183099746704,
          -0.4205077290534973,
          0.7472468018531799
        ],
        [
          1.8439291715621948,
          -0.43674910068511963,
          0.8955078125
        ],
        [
          1.8962275981903076,
          -0.32910090684890747,
          0.9070141911506653
        ],
        [
          1.8954167366027832,
          -0.31285953521728516,
          0.7587531805038452
        ]
      ],
      "length": [
        0.2813854217529297,
        0.12023165822029114,
        0.14915016293525696
      ]
    },
    "tall_wardrobe_0": {
      "parent": "floor_0",
      "SpatialRel": "on",
      "againstWall": "wall_2",
      "directlyFacing": null,
      "natural_pose": false,
      "retrieved_asset": "SM_Wardrobe_01",
      "pose": [
        [
          0.24777279794216156,
          -0.7397788763046265,
          0.006028817035257816,
          -1.5501172542572021
        ],
        [
          0.7397568225860596,
          0.24771375954151154,
          -0.012650292366743088,
          -0.8212711811065674
        ],
        [
          0.007134855259209871,
          0.006889247801154852,
          1.102245569229126,
          1.1803115606307983
        ],
        [
          0.0,
          0.0,
          0.0,
          1.0
        ]
      ],
      "pcd_obb_size": [
        0.7786476486077034,
        0.35613685507570736,
        2.20466930590865
      ],
      "scale": [
        0.7801809906959534,
        0.7801809906959534,
        1.1023346185684204
      ],
      "final_pose": [
        [
          5.890202814384793e-08,
          -0.7801809906959534,
          0.0,
          -1.6187572479248047
        ],
        [
          0.7801809906959534,
          5.890202814384793e-08,
          0.0,
          -0.8212711811065674
        ],
        [
          0.0,
          0.0,
          1.1023346185684204,
          1.1560349464416504
        ],
        [
          0.0,
          0.0,
          0.0,
          1.0
        ]
      ],
      "bbox": [
        [
          -1.406457543373108,
          -1.2105950117111206,
          0.05370008945465088
        ],
        [
          -1.406457543373108,
          -1.2105950117111206,
          2.2583699226379395
        ],
        [
          -1.831057071685791,
          -1.2105950117111206,
          2.2583699226379395
        ],
        [
          -1.831057071685791,
          -1.2105950117111206,
          0.05370008945465088
        ],
        [
          -1.4064574241638184,
          -0.43194735050201416,
          0.05370008945465088
        ],
        [
          -1.4064574241638184,
          -0.43194735050201416,
          2.2583699226379395
        ],
        [
          -1.8310569524765015,
          -0.4319472908973694,
          2.2583699226379395
        ],
        [
          -1.8310569524765015,
          -0.4319472908973694,
          0.05370008945465088
        ]
      ],
      "length": [
        0.9980347156524658,
        0.5442321300506592,
        2.000000476837158
      ]
    },
    "wall_0": {
      "parent": null,
      "SpatialRel": null,
      "againstWall": null,
      "directlyFacing": null,
      "natural_pose": false,
      "retrieved_asset": "Floor",
      "pose": [
        [
          1.0,
          9.835043890404904e-10,
          9.089139894058462e-07,
          0.32216838002204895
        ],
        [
          9.089139894058462e-07,
          3.1391647326017846e-07,
          -1.0,
          1.773975133895874
        ],
        [
          -9.83789716357819e-10,
          1.0,
          3.1391647326017846e-07,
          2.4329497814178467
        ],
        [
          0.0,
          0.0,
          0.0,
          1.0
        ]
      ],
      "pcd_obb_size": null,
      "scale": null,
      "final_pose": [
        [
          1.0,
          9.835043890404904e-10,
          9.089139325624274e-07,
          0.32216838002204895
        ],
        [
          9.089139325624274e-07,
          3.1391647326017846e-07,
          -1.0,
          1.773975133895874
        ],
        [
          -9.83789716357819e-10,
          1.0,
          3.1391647326017846e-07,
          2.4329497814178467
        ],
        [
          0.0,
          0.0,
          0.0,
          1.0
        ]
      ],
      "bbox": [
        [
          -3.1171703338623047,
          1.8008211851119995,
          -0.4048595428466797
        ],
        [
          -3.1171703338623047,
          1.7471210956573486,
          -0.4048595428466797
        ],
        [
          -3.1171703338623047,
          1.747122883796692,
          5.270759105682373
        ],
        [
          -3.1171703338623047,
          1.8008229732513428,
          5.270759105682373
        ],
        [
          3.7615060806274414,
          1.8008273839950562,
          -0.4048595428466797
        ],
        [
          3.7615060806274414,
          1.7471272945404053,
          -0.4048595428466797
        ],
        [
          3.7615060806274414,
          1.7471290826797485,
          5.270759105682373
        ],
        [
          3.7615060806274414,
          1.8008291721343994,
          5.270759105682373
        ]
      ],
      "length": [
        6.878676414489746,
        5.675618648529053,
        0.0537000447511673
      ]
    },
    "wall_1": {
      "parent": null,
      "SpatialRel": null,
      "againstWall": null,
      "directlyFacing": null,
      "natural_pose": false,
      "retrieved_asset": "Floor",
      "pose": [
        [
          4.3312570596754085e-07,
          3.8941431057537557e-07,
          -1.0,
          2.1416399478912354
        ],
        [
          0.0,
          -0.9999998807907104,
          -3.8941436741879443e-07,
          0.28977862000465393
        ],
        [
          -0.9999998807907104,
          1.686653881881675e-13,
          -4.331257628109597e-07,
          2.4066238403320312
        ],
        [
          0.0,
          0.0,
          0.0,
          1.0
        ]
      ],
      "pcd_obb_size": null,
      "scale": null,
      "final_pose": [
        [
          5.523349955183221e-07,
          3.8941431057537557e-07,
          -1.0,
          2.1416399478912354
        ],
        [
          0.0,
          -0.9999998807907104,
          -3.8941436741879443e-07,
          0.28977862000465393
        ],
        [
          -0.9999998807907104,
          2.1508718471650173e-13,
          -5.52335052361741e-07,
          2.4066238403320312
        ],
        [
          0.0,
          0.0,
          0.0,
          1.0
        ]
      ],
      "bbox": [
        [
          2.168487071990967,
          3.1275877952575684,
          5.845962047576904
        ],
        [
          2.1147868633270264,
          3.1275877952575684,
          5.845962047576904
        ],
        [
          2.1147892475128174,
          -2.548030376434326,
          5.845962047576904
        ],
        [
          2.1684892177581787,
          -2.548030376434326,
          5.845962047576904
        ],
        [
          2.1684906482696533,
          3.1275877952575684,
          -1.0327134132385254
        ],
        [
          2.114790678024292,
          3.1275877952575684,
          -1.0327134132385254
        ],
        [
          2.114792823791504,
          -2.548030376434326,
          -1.0327134132385254
        ],
        [
          2.1684930324554443,
          -2.548030376434326,
          -1.0327134132385254
        ]
      ],
      "length": [
        6.878676414489746,
        5.675618648529053,
        0.0537000447511673
      ]
    },
    "wall_2": {
      "parent": null,
      "SpatialRel": null,
      "againstWall": null,
      "directlyFacing": null,
      "natural_pose": false,
      "retrieved_asset": "Floor",
      "pose": [
        [
          3.1391644483846903e-07,
          1.1890995210706023e-07,
          0.9999999403953552,
          -1.7097094058990479
        ],
        [
          0.0,
          0.9999999403953552,
          -1.1890995210706023e-07,
          0.3021734952926636
        ],
        [
          -0.9999998807907104,
          3.732779330859609e-14,
          3.1391644483846903e-07,
          2.45255708694458
        ],
        [
          0.0,
          0.0,
          0.0,
          1.0
        ]
      ],
      "pcd_obb_size": null,
      "scale": null,
      "final_pose": [
        [
          3.1391644483846903e-07,
          1.1890995210706023e-07,
          0.9999999403953552,
          -1.9177231788635254
        ],
        [
          0.0,
          0.9999999403953552,
          -1.1890995210706023e-07,
          0.30217352509498596
        ],
        [
          -0.9999998807907104,
          3.732779330859609e-14,
          3.1391644483846903e-07,
          2.45255708694458
        ],
        [
          0.0,
          0.0,
          0.0,
          1.0
        ]
      ],
      "bbox": [
        [
          -1.9445745944976807,
          -2.535635471343994,
          5.891895294189453
        ],
        [
          -1.8908746242523193,
          -2.535635471343994,
          5.891895294189453
        ],
        [
          -1.890873908996582,
          3.1399827003479004,
          5.891895294189453
        ],
        [
          -1.944573998451233,
          3.1399827003479004,
          5.891895294189453
        ],
        [
          -1.9445724487304688,
          -2.535635471343994,
          -0.9867801666259766
        ],
        [
          -1.8908723592758179,
