{
    "reference_obj": "floor_0",
    "scene_camrea_name": "scene_camera",
    "obj_info": {
        "backrest_chair_0": {
            "parent": "floor_0",
            "SpatialRel": "on",
            "againstWall": "wall_1",
            "directlyFacing": "desk_0",
            "natural_pose": false,
            "retrieved_asset": "SM_desk_chair",
            "pose": [
                [
                    -0.6862392425537109,
                    0.7273572087287903,
                    0.005211901385337114,
                    1.7553404569625854
                ],
                [
                    -0.6942226886749268,
                    -0.6528056263923645,
                    -0.3031497001647949,
                    -1.0318089723587036
                ],
                [
                    -0.217095747590065,
                    -0.21165142953395844,
                    0.9529287219047546,
                    0.5542171001434326
                ],
                [
                    0.0,
                    0.0,
                    0.0,
                    1.0
                ]
            ],
            "pcd_obb_size": [
                0.5643628051999638,
                0.7507641819516997,
                1.344412831582082
            ],
            "scale": [
                1.0,
                1.0,
                1.0
            ]
        },
        "ceiling_light_0": {
            "parent": "ceiling_0",
            "SpatialRel": "on",
            "againstWall": null,
            "directlyFacing": null,
            "natural_pose": false,
            "retrieved_asset": "SM_Ceiling_Lamp_2",
            "pose": [
                [
                    -0.9999850392341614,
                    0.0003153261204715818,
                    0.005460546817630529,
                    0.3478320240974426
                ],
                [
                    -8.742146917484206e-08,
                    -0.9983377456665039,
                    0.05763425678014755,
                    0.7774474620819092
                ],
                [
                    0.005469643510878086,
                    0.05763339623808861,
                    0.9983228445053101,
                    4.937790870666504
                ],
                [
                    0.0,
                    0.0,
                    0.0,
                    1.0
                ]
            ],
            "pcd_obb_size": [
                0.0022496659682111897,
                0.027084558741756304,
                0.14912744630962338
            ],
            "scale": [
                1.0,
                1.0,
                1.0
            ]
        },
        "desk_0": {
            "parent": "floor_0",
            "SpatialRel": "on",
            "againstWall": "wall_1",
            "directlyFacing": null,
            "natural_pose": false,
            "retrieved_asset": "SM_desk_compiled",
            "pose": [
                [
                    -0.1292521059513092,
                    -0.8015255331993103,
                    0.004320339299738407,
                    1.6232794523239136
                ],
                [
                    0.5636768341064453,
                    -0.17131303250789642,
                    -0.22305980324745178,
                    -0.23336292803287506
                ],
                [
                    0.15988226234912872,
                    -0.0439927875995636,
                    0.7899065613746643,
                    0.6525430679321289
                ],
                [
                    0.0,
                    0.0,
                    0.0,
                    1.0
                ]
            ],
            "pcd_obb_size": [
                0.4572790196616614,
                0.6976873584075748,
                1.1087242329768463
            ],
            "scale": [
                0.6000000238418579,
                0.8208085894584656,
                0.8208085894584656
            ]
        },
        "desk_lamp_0": {
            "parent": "nightstands_0",
            "SpatialRel": "on",
            "againstWall": null,
            "directlyFacing": null,
            "natural_pose": false,
            "retrieved_asset": "SM_desk_props_clamp_light_compiled",
            "pose": [
                [
                    0.3679251968860626,
                    0.9298393130302429,
                    0.0054656462743878365,
                    -1.0475441217422485
                ],
                [
                    -0.9291286468505859,
                    0.36786362528800964,
                    -0.03736747056245804,
                    1.4045720100402832
                ],
                [
                    -0.036756355315446854,
                    0.008670144714415073,
                    0.9992866516113281,
                    1.2902061939239502
                ],
                [
                    0.0,
                    0.0,
                    0.0,
                    1.0
                ]
            ],
            "pcd_obb_size": [
                0.13466853624747488,
                0.673106362364077,
                0.10517159860534964
            ],
            "scale": [
                1.0,
                1.0,
                1.0
            ]
        },
        "desktop_potted_plant_0": {
            "parent": "desk_0",
            "SpatialRel": "on",
            "againstWall": null,
            "directlyFacing": null,
            "natural_pose": false,
            "retrieved_asset": "SM_Decor_8",
            "pose": [
                [
                    -0.6394605040550232,
                    -0.7688049077987671,
                    0.005414445418864489,
                    1.906005620956421
                ],
                [
                    0.7605699896812439,
                    -0.633608877658844,
                    -0.14167946577072144,
                    -0.6834954619407654
                ],
                [
                    0.11235450953245163,
                    -0.08648035675287247,
                    0.9898977875709534,
                    1.2471755743026733
                ],
                [
                    0.0,
                    0.0,
                    0.0,
                    1.0
                ]
            ],
            "pcd_obb_size": [
                0.05294539941755971,
                0.33832919232360004,
                0.04550640140146189
            ],
            "scale": [
                1.0,
                1.0,
                1.0
            ]
        },
        "double_bed_0": {
            "parent": "floor_0",
            "SpatialRel": "on",
            "againstWall": "wall_2",
            "directlyFacing": null,
            "natural_pose": false,
            "retrieved_asset": "30",
            "pose": [
                [
                    0.9932596683502197,
                    0.1157936081290245,
                    0.005201269406825304,
                    -0.21420523524284363
                ],
                [
                    -0.10851827263832092,
                    0.9447470307350159,
                    -0.3093167543411255,
                    0.4345380961894989
                ],
                [
                    -0.0407307893037796,
                    0.3066674470901489,
                    0.9509448409080505,
                    0.6546815633773804
                ],
                [
                    0.0,
                    0.0,
                    0.0,
                    1.0
                ]
            ],
            "pcd_obb_size": [
                1.1836875943069298,
                1.1395257272492771,
                2.465492418266176
            ],
            "scale": [
                1.0,
                1.0,
                1.0
            ]
        },
        "floor_0": {
            "parent": null,
            "SpatialRel": null,
            "againstWall": null,
            "directlyFacing": null,
            "natural_pose": false,
            "retrieved_asset": "Floor",
            "pose": [
                [
                    1.0,
                    0.0,
                    0.0,
                    0.0
                ],
                [
                    0.0,
                    1.0,
                    0.0,
                    0.0
                ],
                [
                    0.0,
                    0.0,
                    1.0,
                    0.0
                ],
                [
                    0.0,
                    0.0,
                    0.0,
                    1.0
                ]
            ],
            "pcd_obb_size": null,
            "scale": null
        },
        "guitar_0": {
            "parent": "floor_0",
            "SpatialRel": "on",
            "againstWall": null,
            "directlyFacing": null,
            "natural_pose": true,
            "retrieved_asset": "SM_guitar",
            "pose": [
                [
                    0.9522612690925598,
                    0.30523592233657837,
                    0.005431064870208502,
                    1.8673254251480103
                ],
                [
                    -0.3037080466747284,
                    0.9453892707824707,
                    0.11832382529973984,
                    1.4007691144943237
                ],
                [
                    0.030982213094830513,
                    -0.1143246591091156,
                    0.9929602146148682,
                    1.0176959037780762
                ],
                [
                    0.0,
                    0.0,
                    0.0,
                    1.0
                ]
            ],
            "pcd_obb_size": [
                0.3753149452256537,
                1.6661342196855717,
                0.25242684833593465
            ],
            "scale": [
                1.0,
                1.0,
                1.0
            ]
        },
        "guitar_1": {
            "parent": "floor_0",
            "SpatialRel": "on",
            "againstWall": null,
            "directlyFacing": null,
            "natural_pose": true,
            "retrieved_asset": "SM_guitar",
            "pose": [
                [
                    0.9530187249183655,
                    -0.3028647303581238,
                    0.005314731504768133,
                    -1.7184302806854248
                ],
                [
                    0.29310429096221924,
                    0.926450252532959,
                    0.23617735505104065,
                    -1.1000025272369385
                ],
                [
                    -0.07645362615585327,
                    -0.22352367639541626,
                    0.9716954231262207,
                    0.6261914372444153
                ],
                [
                    0.0,
                    0.0,
                    0.0,
                    1.0
                ]
            ],
            "pcd_obb_size": [
                0.19209226245915278,
                0.3442995630903303,
                1.2601646757496985
            ],
            "scale": [
                1.0,
                1.0,
                1.0
            ]
        },
        "lcd_tv_0": {
            "parent": "desk_0",
            "SpatialRel": "on",
            "againstWall": "wall_1",
            "directlyFacing": null,
            "natural_pose": false,
            "retrieved_asset": "SM_TVFlat_01a",
            "pose": [
                [
                    0.11063927412033081,
                    0.998024046421051,
                    0.0054679508320987225,
                    1.9962131977081299
                ],
                [
                    -1.0326043367385864,
                    0.10561319440603256,
                    0.08927471190690994,
                    -0.178900346159935
                ],
                [
                    0.09160668402910233,
                    -0.014889991842210293,
                    0.9997139573097229,
                    1.3000738620758057
                ],
                [
                    0.0,
                    0.0,
                    0.0,
                    1.0
                ]
            ],
            "pcd_obb_size": [
                0.9591435004269862,
                0.5564013088930109,
                0.13023348306404758
            ],
            "scale": [
                1.0425471067428589,
                1.0037070512771606,
                1.0037070512771606
            ]
        },
        "nightstands_0": {
            "parent": "floor_0",
            "SpatialRel": "on",
            "againstWall": "wall_0",
            "directlyFacing": null,
            "natural_pose": false,
            "retrieved_asset": "SM_lockers_01",
            "pose": [
                [
                    0.9981536269187927,
                    0.06058166176080704,
                    0.004381408449262381,
                    -1.0161525011062622
                ],
                [
                    -0.04591212421655655,
                    0.799746572971344,
                    -0.5985795855522156,
                    1.3242288827896118
                ],
                [
                    -0.039766959846019745,
                    0.5972732305526733,
                    0.8010513782501221,
                    0.8010602593421936
                ],
                [
                    0.0,
                    0.0,
                    0.0,
                    1.0
                ]
            ],
            "pcd_obb_size": [
                0.5112543463846724,
                0.2877051563345442,
                0.10582646958715891
            ],
            "scale": [
                1.0,
                1.0,
                1.0
            ]
        },
        "scene_camera": {
            "parent": null,
            "SpatialRel": null,
            "againstWall": null,
            "directlyFacing": null,
            "natural_pose": false,
            "retrieved_asset": null,
            "pose": [
                [
                    0.9999850392341614,
                    0.005460401065647602,
                    0.0003152296703774482,
                    0.06787771731615067
                ],
                [
                    -9.439141829270525e-11,
                    0.057634178549051285,
                    -0.9983376860618591,
                    -4.420027732849121
                ],
                [
                    -0.005469493102282286,
                    0.9983227849006653,
                    0.05763331800699234,
                    2.131439685821533
                ],
                [
                    0.0,
                    0.0,
                    0.0,
                    1.0
                ]
            ],
            "pcd_obb_size": null,
            "scale": null
        },
        "small_desktop_storage_box_0": {
            "parent": "desk_0",
            "SpatialRel": "on",
            "againstWall": null,
            "directlyFacing": null,
            "natural_pose": false,
            "retrieved_asset": "SM_Tin_Boxes_Base",
            "pose": [
                [
                    -0.9858357310295105,
                    0.16762687265872955,
                    0.005400863941758871,
                    1.885259747505188
                ],
                [
                    -0.16636528074741364,
                    -0.9733259677886963,
                    -0.15798452496528625,
                    0.5913634896278381
                ],
                [
                    -0.02122564986348152,
                    -0.1566452980041504,
                    0.9874268174171448,
                    0.9118205308914185
                ],
                [
                    0.0,
                    0.0,
                    0.0,
                    1.0
                ]
            ],
            "pcd_obb_size": [
                0.17274822802969414,
                3.485024257249454e-05,
                0.020303611846042458
            ],
            "scale": [
                1.0,
                1.0,
                1.0
            ]
        },
        "small_desktop_storage_box_1": {
            "parent": "desk_0",
            "SpatialRel": "on",
            "againstWall": null,
            "directlyFacing": null,
            "natural_pose": false,
            "retrieved_asset": "SM_machine_gun_ammo_box_closed",
            "pose": [
                [
                    0.9004234671592712,
                    0.43498048186302185,
                    0.005436913575977087,
                    1.7429898977279663
                ],
                [
                    -0.4318670928478241,
                    0.8953397274017334,
                    -0.10889268666505814,
                    -0.3140437602996826
                ],
                [
                    -0.05223407596349716,
                    0.09570150822401047,
                    0.9940386414527893,
                    0.9138569831848145
                ],
                [
                    0.0,
                    0.0,
                    0.0,
                    1.0
                ]
            ],
            "pcd_obb_size": [
                0.05678530283971295,
                0.10843301304280883,
                0.21722453673741104
            ],
            "scale": [
                1.0,
                1.0,
                1.0
            ]
        },
        "tall_wardrobe_0": {
            "parent": "floor_0",
            "SpatialRel": "on",
            "againstWall": "wall_2",
            "directlyFacing": null,
            "natural_pose": false,
            "retrieved_asset": "SM_Wardrobe_01",
            "pose": [
                [
                    0.24777279794216156,
                    -0.7397788763046265,
                    0.006028817035257816,
                    -1.5501172542572021
                ],
                [
                    0.7397568225860596,
                    0.24771375954151154,
                    -0.012650292366743088,
                    -0.8212711811065674
                ],
                [
                    0.007134855259209871,
                    0.006889247801154852,
                    1.102245569229126,
                    1.1803115606307983
                ],
                [
                    0.0,
                    0.0,
                    0.0,
                    1.0
                ]
            ],
            "pcd_obb_size": [
                0.7786476486077034,
                0.35613685507570736,
                2.20466930590865
            ],
            "scale": [
                0.7801809906959534,
                0.7801809906959534,
                1.1023346185684204
            ]
        },
        "wall_0": {
            "parent": null,
            "SpatialRel": null,
            "againstWall": null,
            "directlyFacing": null,
            "natural_pose": false,
            "retrieved_asset": "Floor",
            "pose": [
                [
                    1.0,
                    9.835043890404904e-10,
                    9.089139894058462e-07,
                    0.32216838002204895
                ],
                [
                    9.089139894058462e-07,
                    3.1391647326017846e-07,
                    -1.0,
                    1.773975133895874
                ],
                [
                    -9.83789716357819e-10,
                    1.0,
                    3.1391647326017846e-07,
                    2.4329497814178467
                ],
                [
                    0.0,
                    0.0,
                    0.0,
                    1.0
                ]
            ],
            "pcd_obb_size": null,
            "scale": null
        },
        "wall_1": {
            "parent": null,
            "SpatialRel": null,
            "againstWall": null,
            "directlyFacing": null,
            "natural_pose": false,
            "retrieved_asset": "Floor",
            "pose": [
                [
                    4.3312570596754085e-07,
                    3.8941431057537557e-07,
                    -1.0,
                    2.1416399478912354
                ],
                [
                    0.0,
                    -0.9999998807907104,
                    -3.8941436741879443e-07,
                    0.28977862000465393
                ],
                [
                    -0.9999998807907104,
                    1.686653881881675e-13,
                    -4.331257628109597e-07,
                    2.4066238403320312
                ],
                [
                    0.0,
                    0.0,
                    0.0,
                    1.0
                ]
            ],
            "pcd_obb_size": null,
            "scale": null
        },
        "wall_2": {
            "parent": null,
            "SpatialRel": null,
            "againstWall": null,
            "directlyFacing": null,
            "natural_pose": false,
            "retrieved_asset": "Floor",
            "pose": [
                [
                    3.1391644483846903e-07,
                    1.1890995210706023e-07,
                    0.9999999403953552,
                    -1.7097094058990479
                ],
                [
                    0.0,
                    0.9999999403953552,
                    -1.1890995210706023e-07,
                    0.3021734952926636
                ],
                [
                    -0.9999998807907104,
                    3.732779330859609e-14,
                    3.1391644483846903e-07,
                    2.45255708694458
                ],
                [
                    0.0,
                    0.0,
                    0.0,
                    1.0
                ]
            ],
            "pcd_obb_size": null,
            "scale": null
        },
        "wall_frame_0": {
            "parent": "wall_0",
            "SpatialRel": "on",
            "againstWall": "wall_0",
            "directlyFacing": null,
            "natural_pose": false,
            "retrieved_asset": "SM_Wall_Painting_01a",
            "pose": [
                [
                    1.0100090503692627,
                    -0.1667652428150177,
                    0.006678817328065634,
                    -0.12576515972614288
                ],
                [
                    0.16545750200748444,
                    0.9966087341308594,
                    -0.1999107003211975,
                    1.6534967422485352
                ],
                [
                    0.021563677117228508,
                    0.16407270729541779,
                    1.2210839986801147,
                    2.2828569412231445
                ],
                [
                    0.0,
                    0.0,
                    0.0,
                    1.0
                ]
            ],
            "pcd_obb_size": [
                0.5819795112117933,
                1.022432306587067,
                0.04726552963256836
            ],
            "scale": [
                1.0236989259719849,
                1.0236989259719849,
                1.2373580932617188
            ]
        }
    }
}